24	11
0	0	0	0	0	-120	0	0	753.982	0.145009	109.334
0	0	0	0	1	-110	0	0	691.15	0.160349	110.825
0	0	0	0	2	-100	0	0	628.319	0.18113	113.807
0	0	0	0	3	-90	0	-3.1	565.822	0.207516	117.417
0	0	0	0	4	-80	0	-5.9	504.02	0.23633	119.115
0	0	0	0	5	-70	0	-8.1	442.758	0.270013	119.55
0	0	0	0	6	-60	0	-9.5	381.687	0.31121	118.785
0	0	0	0	7	-50	0	-10	320.381	0.365048	116.954
0	0	0	0	8	-40	0	-9.5	258.318	0.441568	114.065
0	0	0	0	9	-30	0	-8.1	195.245	0.566407	110.588
0	0	0	0	10	-20	0	-5.9	131.018	0.813965	106.644
0	0	0	0	11	-10	0	-3.1	65.7817	1.56735	103.103
0	0	0	0	12	10	0	3.1	65.7817	1.51286	99.5184
0	0	0	0	13	20	0	5.9	131.018	0.740118	96.9685
0	0	0	0	14	30	0	8.1	195.245	0.482422	94.1906
0	0	0	0	15	40	0	9.5	258.318	0.354573	91.5927
0	0	0	0	16	50	0	10	320.381	0.279262	89.4703
0	0	0	0	17	60	0	9.5	381.687	0.230341	87.9181
0	0	0	0	18	70	0	8.1	442.758	0.196691	87.0866
0	0	0	0	19	80	0	5.9	504.02	0.172548	86.9676
0	0	0	0	20	90	0	3.1	565.822	0.154748	87.5598
0	0	0	0	21	100	0	0	628.319	0.142309	89.4151
0	0	0	0	22	110	0	0	691.15	0.13266	91.6879
0	0	0	0	23	120	0	0	753.982	0.123307	92.9716
