24	11
0	0	0	0	0	-120	0	0	753.982	0.143835	108.449
0	0	0	0	1	-110	0	0	691.15	0.158471	109.527
0	0	0	0	2	-100	0	0	628.319	0.177919	111.79
0	0	0	0	3	-90	0	-3.1	565.822	0.20199	114.29
0	0	0	0	4	-80	0	-5.9	504.02	0.227153	114.49
0	0	0	0	5	-70	0	-8.1	442.758	0.256364	113.507
0	0	0	0	6	-60	0	-9.5	381.687	0.292956	111.818
0	0	0	0	7	-50	0	-10	320.381	0.343585	110.078
0	0	0	0	8	-40	0	-9.5	258.318	0.419644	108.402
0	0	0	0	9	-30	0	-8.1	195.245	0.548384	107.069
0	0	0	0	10	-20	0	-5.9	131.018	0.803002	105.207
0	0	0	0	11	-10	0	-3.1	65.7817	1.56354	102.852
0	0	0	0	12	10	0	3.1	65.7817	1.52318	100.198
0	0	0	0	13	20	0	5.9	131.018	0.761066	99.713
0	0	0	0	14	30	0	8.1	195.245	0.517166	100.974
0	0	0	0	15	40	0	9.5	258.318	0.39497	102.028
0	0	0	0	16	50	0	10	320.381	0.314388	100.724
0	0	0	0	17	60	0	9.5	381.687	0.256384	97.8584
0	0	0	0	18	70	0	8.1	442.758	0.214111	94.7992
0	0	0	0	19	80	0	5.9	504.02	0.18351	92.4926
0	0	0	0	20	90	0	3.1	565.822	0.162065	91.6999
0	0	0	0	21	100	0	0	628.319	0.147566	92.7183
0	0	0	0	22	110	0	0	691.15	0.13651	94.3491
0	0	0	0	23	120	0	0	753.982	0.126201	95.1532
