121	11
0	0	0	0	0	-10	-10	0	88.8577	0.486189	43.2016
0	0	0	0	1	-10	-8	0	80.464	0.512575	41.2439
0	0	0	0	2	-10	-6	0	73.2739	0.535361	39.228
0	0	0	0	3	-10	-4	0	67.672	0.553096	37.4291
0	0	0	0	4	-10	-2	0	64.0762	0.564322	36.1596
0	0	0	0	5	-10	0	0	62.8319	0.568166	35.6989
0	0	0	0	6	-10	2	0	64.0762	0.564394	36.1642
0	0	0	0	7	-10	4	0	67.672	0.553157	37.4333
0	0	0	0	8	-10	6	0	73.2739	0.535488	39.2373
0	0	0	0	9	-10	8	0	80.464	0.512605	41.2463
0	0	0	0	10	-10	10	0	88.8577	0.486285	43.2101
0	0	0	0	11	-8	-10	0	80.464	0.614939	49.4805
0	0	0	0	12	-8	-8	0	71.0861	0.660448	46.9487
0	0	0	0	13	-8	-6	0	62.8319	0.701454	44.0736
0	0	0	0	14	-8	-4	0	56.1985	0.73475	41.2919
0	0	0	0	15	-8	-2	0	51.8125	0.756443	39.1932
0	0	0	0	16	-8	0	0	50.2655	0.763977	38.4017
0	0	0	0	17	-8	2	0	51.8125	0.756403	39.1911
0	0	0	0	18	-8	4	0	56.1985	0.734644	41.2859
0	0	0	0	19	-8	6	0	62.8319	0.701514	44.0775
0	0	0	0	20	-8	8	0	71.0861	0.66035	46.9417
0	0	0	0	21	-8	10	0	80.464	0.614996	49.4851
0	0	0	0	22	-6	-10	0	73.2739	0.787991	57.7392
0	0	0	0	23	-6	-8	0	62.8319	0.871819	54.778
0	0	0	0	24	-6	-6	0	53.3146	0.953922	50.858
0	0	0	0	25	-6	-4	0	45.3087	1.02545	46.4618
0	0	0	0	26	-6	-2	0	39.7384	1.07515	42.7248
0	0	0	0	27	-6	0	0	37.6991	1.09308	41.2082
0	0	0	0	28	-6	2	0	39.7384	1.07515	42.7247
0	0	0	0	29	-6	4	0	45.3087	1.02544	46.4615
0	0	0	0	30	-6	6	0	53.3146	0.95395	50.8595
0	0	0	0	31	-6	8	0	62.8319	0.871846	54.7797
0	0	0	0	32	-6	10	0	73.2739	0.787955	57.7366
0	0	0	0	33	-4	-10	0	67.672	1.01007	68.3536
0	0	0	0	34	-4	-8	0	56.1985	1.17316	65.9299
0	0	0	0	35	-4	-6	0	45.3087	1.35737	61.5008
0	0	0	0	36	-4	-4	0	35.5431	1.54481	54.9073
0	0	0	0	37	-4	-2	0	28.0993	1.69516	47.6328
0	0	0	0	38	-4	0	0	25.1327	1.75447	44.0946
0	0	0	0	39	-4	2	0	28.0993	1.69519	47.6334
0	0	0	0	40	-4	4	0	35.5431	1.54481	54.9072
0	0	0	0	41	-4	6	0	45.3087	1.3574	61.5018
0	0	0	0	42	-4	8	0	56.1985	1.17322	65.9332
0	0	0	0	43	-4	10	0	67.672	1.0101	68.3556
0	0	0	0	44	-2	-10	0	64.0762	1.24392	79.7058
0	0	0	0	45	-2	-8	0	51.8125	1.5448	80.0397
0	0	0	0	46	-2	-6	0	39.7384	1.97182	78.3569
0	0	0	0	47	-2	-4	0	28.0993	2.57772	72.4321
0	0	0	0	48	-2	-2	0	17.7715	3.32282	59.0515
0	0	0	0	49	-2	0	0	12.5664	3.74276	47.0329
0	0	0	0	50	-2	2	0	17.7715	3.32281	59.0514
0	0	0	0	51	-2	4	0	28.0993	2.57777	72.4333
0	0	0	0	52	-2	6	0	39.7384	1.97191	78.3605
0	0	0	0	53	-2	8	0	51.8125	1.54493	80.0469
0	0	0	0	54	-2	10	0	64.0762	1.24408	79.7156
0	0	0	0	55	0	-10	0	62.8319	1.35742	85.2891
0	0	0	0	56	0	-8	0	50.2655	1.75454	88.1928
0	0	0	0	57	0	-6	0	37.6991	2.41708	91.1216
0	0	0	0	58	0	-4	0	25.1327	3.74288	94.0687
0	0	0	0	59	0	-2	0	12.5664	7.72142	97.0302
0	0	0	0	60	0	0	0	0	1e+10	0
0	0	0	0	61	0	2	0	12.5664	7.72141	97.0301
0	0	0	0	62	0	4	0	25.1327	3.74286	94.0683
0	0	0	0	63	0	6	0	37.6991	2.41693	91.116
0	0	0	0	64	0	8	0	50.2655	1.75454	88.1929
0	0	0	0	65	0	10	0	62.8319	1.35748	85.2932
0	0	0	0	66	2	-10	0	64.0762	1.24395	79.7076
0	0	0	0	67	2	-8	0	51.8125	1.54477	80.0385
0	0	0	0	68	2	-6	0	39.7384	1.97181	78.3566
0	0	0	0	69	2	-4	0	28.0993	2.57779	72.4339
0	0	0	0	70	2	-2	0	17.7715	3.32282	59.0517
0	0	0	0	71	2	0	0	12.5664	3.74275	47.0327
0	0	0	0	72	2	2	0	17.7715	3.32284	59.052
0	0	0	0	73	2	4	0	28.0993	2.57782	72.435
0	0	0	0	74	2	6	0	39.7384	1.97184	78.3575
0	0	0	0	75	2	8	0	51.8125	1.5449	80.0449
0	0	0	0	76	2	10	0	64.0762	1.24397	79.7091
0	0	0	0	77	4	-10	0	67.672	1.01013	68.3573
0	0	0	0	78	4	-8	0	56.1985	1.17327	65.9361
0	0	0	0	79	4	-6	0	45.3087	1.35749	61.5063
0	0	0	0	80	4	-4	0	35.5431	1.54483	54.908
0	0	0	0	81	4	-2	0	28.0993	1.6951	47.6309
0	0	0	0	82	4	0	0	25.1327	1.7544	44.0929
0	0	0	0	83	4	2	0	28.0993	1.69511	47.6314
0	0	0	0	84	4	4	0	35.5431	1.54479	54.9065
0	0	0	0	85	4	6	0	45.3087	1.35744	61.5039
0	0	0	0	86	4	8	0	56.1985	1.17322	65.933
0	0	0	0	87	4	10	0	67.672	1.01012	68.3565
0	0	0	0	88	6	-10	0	73.2739	0.787899	57.7325
0	0	0	0	89	6	-8	0	62.8319	0.871872	54.7813
0	0	0	0	90	6	-6	0	53.3146	0.953969	50.8604
0	0	0	0	91	6	-4	0	45.3087	1.02548	46.4631
0	0	0	0	92	6	-2	0	39.7384	1.07523	42.7277
0	0	0	0	93	6	0	0	37.6991	1.0931	41.2088
0	0	0	0	94	6	2	0	39.7384	1.07519	42.7263
0	0	0	0	95	6	4	0	45.3087	1.02544	46.4615
0	0	0	0	96	6	6	0	53.3146	0.95401	50.8627
0	0	0	0	97	6	8	0	62.8319	0.871956	54.7866
0	0	0	0	98	6	10	0	73.2739	0.78805	57.7435
0	0	0	0	99	8	-10	0	80.464	0.614958	49.482
0	0	0	0	100	8	-8	0	71.0861	0.660409	46.9459
0	0	0	0	101	8	-6	0	62.8319	0.701475	44.0749
0	0	0	0	102	8	-4	0	56.1985	0.734651	41.2863
0	0	0	0	103	8	-2	0	51.8125	0.756432	39.1926
0	0	0	0	104	8	0	0	50.2655	0.76401	38.4033
0	0	0	0	105	8	2	0	51.8125	0.756485	39.1953
0	0	0	0	106	8	4	0	56.1985	0.734772	41.2931
0	0	0	0	107	8	6	0	62.8319	0.701626	44.0844
0	0	0	0	108	8	8	0	71.0861	0.660496	46.9521
0	0	0	0	109	8	10	0	80.464	0.615117	49.4948
0	0	0	0	110	10	-10	0	88.8577	0.486272	43.209
0	0	0	0	111	10	-8	0	80.464	0.512553	41.2421
0	0	0	0	112	10	-6	0	73.2739	0.535372	39.2288
0	0	0	0	113	10	-4	0	67.672	0.553038	37.4252
0	0	0	0	114	10	-2	0	64.0762	0.564315	36.1592
0	0	0	0	115	10	0	0	62.8319	0.568213	35.7018
0	0	0	0	116	10	2	0	64.0762	0.564387	36.1637
0	0	0	0	117	10	4	0	67.672	0.5531	37.4294
0	0	0	0	118	10	6	0	73.2739	0.535446	39.2342
0	0	0	0	119	10	8	0	80.464	0.51265	41.2499
0	0	0	0	120	10	10	0	88.8577	0.486281	43.2098
