24	11
0	0	0	0	0	-120	0	0	753.982	0.132038	99.5542
0	0	0	0	1	-110	0	0	691.15	0.143639	99.2763
0	0	0	0	2	-100	0	0	628.319	0.157371	98.8789
0	0	0	0	3	-90	0	0	565.487	0.173699	98.2246
0	0	0	0	4	-80	0	0	502.655	0.19332	97.1735
0	0	0	0	5	-70	0	0	439.823	0.217081	95.4773
0	0	0	0	6	-60	0	0	376.991	0.247929	93.4669
0	0	0	0	7	-50	0	0	314.159	0.293646	92.2516
0	0	0	0	8	-40	0	0	251.327	0.370418	93.0961
0	0	0	0	9	-30	0	0	188.496	0.512201	96.5477
0	0	0	0	10	-20	0	0	125.664	0.788804	99.1241
0	0	0	0	11	-10	0	0	62.8319	1.59248	100.058
0	0	0	0	12	10	0	0	62.8319	1.60615	100.917
0	0	0	0	13	20	0	0	125.664	0.818897	102.906
0	0	0	0	14	30	0	0	188.496	0.561377	105.817
0	0	0	0	15	40	0	0	251.327	0.431917	108.553
0	0	0	0	16	50	0	0	314.159	0.350437	110.093
0	0	0	0	17	60	0	0	376.991	0.292453	110.252
0	0	0	0	18	70	0	0	439.823	0.248483	109.288
0	0	0	0	19	80	0	0	502.655	0.214221	107.679
0	0	0	0	20	90	0	0	565.487	0.187495	106.026
0	0	0	0	21	100	0	0	628.319	0.166633	104.698
0	0	0	0	22	110	0	0	691.15	0.150011	103.68
0	0	0	0	23	120	0	0	753.982	0.136503	102.921
